p <- 0.49
